10000000000000000
79511
20150000000000000
239726
30452250000000000
481855
40909033750000000
807128
51522669256250000
1216791
62295509295093750
1712110
73229941934520156
2294369
84328391063537958
2964873
95593316929491027
3724945
107027216683433392
4575928
118632624933684892
5519185
130412114307690164
6556101
142368296022305515
7688079
154503820462640096
8916546
166821377769579695
10242948
179323698436123387
11668754
192013553912665234
13195454
204893757221355208
14824561
217967163579675531
16557611
231236671033370658
18396162
244705221098871211
20341796
258375799415354272
22396118
272251436406584578
24560758
286335207952683338
26837370
300630236071973579
29227632
315139689613053173
31733248
329866784957248960
34355948
344814786731607683
37097487
359987008532581786
39959646
375386813660570500
42944233
391017615865479044
46053083
406882880103461216
49288059
422986123305013120
52651051
439330915154588302
56143978
455920878881907111
59768787
472759692065135702
63527455
489851087446112721
67421988
507198853757804395
71454422
524806836564171444
75626824
542678939112633998
79941291
560819123199323490
84399952
579231410047313324
89004968
597919881198023005
93758532
616888679415993331
98662870
636142009607233211
103720240
655684139751341689
108932936
675519401847611794
114303285
695652192875325950
119833649
716086975768455818
125526425
736828280404982634
131384046
757880704611057352
137408981
779248915180223190
143603737
800937648907926515
149970858
822951713641545389
156512925
845295989346168546
163232559
867975429186361050
170132419
890995060624156441
177215205
914359986533518762
184483657
938075386331521517
191940555
962146517126494313
199588721
986578714883391700
207431019
1011377395606642547
215470356
1036548056540742156
223709683
1062096277388853259
232151995
1088027721549686028
240800330
1114348137372931288
249657774
1141063359433525226
258727457
1168179309825028073
268012556
1195701999472403462
277516296
1223637529464489481
287241950
1251992092406456790
297192840
1280771973792553608
307372338
1309983553399441878
317783865
1339633306700433472
328430894
1369727806300939939
339316950
1400273723395454003
350445610
1431277829246385777
361820505
1462746996685081527
373445319
1494688201635357713
385323792
1527108524659888041
397459719
1560015152529786323
409856953
1593415379817733079
422519403
1627316610514999036
435451037
1661726359672723982
448655882
1696652255067814802
462138025
1732102038893831984
475901614
1768083569477239423
489950859
1804604823019397973
504290032
1841673895364688901
518923469
1879299003795159192
533855571
1917488488852086537
549090805
1956250816184867792
564633703
1995594578427640765
580488866
2035528497104055332
596660963
2076061424560616117
613154732
2117202345929025313
629974982
2158960381117960646
647126594
2201344786834730008
664614521
2244364958637250910
682443790
2288030433016809625
700619503
2332350889512061720
719146837
2377336152854742596
738031048
2422996195147563685
757277468
2469341138074777090
776891509
2516381255145898696
796878665
2564126973973087126
817244509
2612588878582683382
837994699
2661777711761423581
859134977
2711704377437844882
880671169
2762379943099412502
902609189
2813815642245903636
924955038
2866022876879592137
947714806
2919013220032785965
970894674
2972798418333277700
994500915
3027390394608276811
1018539895
3082801250527400908
1043018075
3139043269285311866
1067942011
3196128918324591488
1093318356
3254070852099460304
1119153863
3312881914880952152
1145455384
3372575143604166377
1172229874
3433163770758228815
1199484390
3494661227319602189
1227226095
3557081145729396163
1255462256
3620437362915337046
1284200250
3684743923359067042
1313447562
3750015082209452987
1343211789
3816265308442594721
1373500640
3883509288069233581
1404321938
3951761927390272023
1435683622
4021038356301126041
1467593748
4091353931645642869
1500060493
4162724240620327449
1533092153
4235165104229632297
1566697149
4308692580793076717
1600884024
4383322969504972803
1635661450
4459072814047547330
1671038225
4535958906258260474
1707023279
4613998289852134315
1743625673
4693208264199916263
1780854602
4773606388162914940
1818719397
4855210483985358597
1857229527
4938038641245138908
1896394600
5022109220863815923
1936224367
5107440859176773093
1976728723
5194052472064424620
2017917708
5281963259145390919
2059801511
5371192708032571712
2102390472
5461760598653060216
2145695082
5553687007632856047
2189725987
5646992312747348815
2234493990
5741697197438558974
2280010054
5837822655400137285
2326285303
5935389995231139270
2373331024
6034420845159606284
2421158672
6134937157837000303
2469779869
6236961215204555232
2519206409
6340515633432623484
2569450259
6445623367934112759
2620523562
6552307718453124373
2672438640
6660592334229921161
2725207996
6770501219243369900
2778844316
6882058737532020370
2833360474
6995289618595000597
2888769531
7110218962873925527
2945084741
7226872247317034330
3002319552
7345275331026789765
3060487612
7465454460992191531
3119602780
7587436277907074323
3179679105
7711247822075680356
3240730843
7836916539406815479
3302772457
7964470287497917628
3365818624
8093937341810386309
3429884233
8225346401937542020
3494984394
8358726597966605066
3561134436
8494107496936104057
3628349913
8631519109390145532
3696646606
8770991896030997629
3766040526
8912556774471462507
3836547919
9056245126088534358
3908185268
9202088802979862286
3980969295
9350120135024560132
4054916968
9500371937049928445
4130045501
9652877516105677282
4206372360
9807670678847262351
4283915264
9964785739029971196
4362692191
10124257525115420673
4442721380
10286121387992151892
4524021336
10450413208812034079
4606610832
10617169406944214498
4690508916
10786426948048377623
4775734910
10958223352269103194
4862308418
11132596702553139648
4950249328
11309585653091436648
5039577817
11489229437887808103
5130314354
11671567879456125129
5222479705
11856641397647966910
5316094935
12044491018612686317
5411181417
12235158383891876515
5507760830
12428685759650254565
5605855168
12625116046045008285
5705486743
12824492786735683310
5806678188
13026860178536718460
5909452463
13232263081214769137
6013832860
13440747027432990574
6119843006
13652358232844485332
6227506868
13867143606337152511
6336848759
14085150760432209697
6447893341
14306428021838692740
6560665630
14531024442166273028
6675191003
14758989808798767020
6791495200
14990374655930748421
6909604330
15225230275769709543
7029544878
15463608729906255081
7151343707
15705562860854848802
7275028065
15951146303767671428
7400625590
16200413498324186393
7528164315
16453419700799049082
7657672668
16710220996311034711
7789179483
16970874311255700124
7922714010
17235437425924535518
8058305916
17503968987313403442
8195985290
17776528522123104384
8335782650
18053176449954950840
8477728947
18333974096704274992
8621855572
18618983708154839006
8768194362
18908268463777161480
8916777605
19201892490733818791
9067638046
19499920878094825961
9220808895
19802419691266248238
9376323829
20109455986635241849
9534217004
20421097826434770364
9694523055
20737414293831291806
9857277108
21058475508238761069
10022514783
21384352640862342370
10190272201
21715117930475277390
10360585990
22050844699432406435
10533493295
22391607369923892415
10709031780
22737481480472750684
10887239637
23088543702679841827
11068155594
23444871858220039337
11251818920
23806544936093339809
11438269433
24173643110134739788
11627547506
24546247756786760766
11819694075
24924441473138562058
12014750646
25308308095235640369
12212759383
25697932716664174854
12413763061
26093401707414137356
12617804948
26494802733025349295
12824928911
26902224774020729413
13035179426
27315758145631040232
13248601583
27735494517815505713
13465241094
28161526935582738176
13685144302
28593949839616479125
13908358188
29032859087210726188
14134930379
29478351973518886956
14364909155
29930527253121670135
14598343460
30389485161918495061
14835282907
30855327439347272360
15075777787
31328157350937481318
15319879078
31808079711201543410
15567638453
32295200906869566433
15819108289
32789628920472609801
16074341673
33291473354279698819
16333392414
33800845454593894172
16596315112
34317858136412802455
16863166244
34842626008458994362
17134002345
35375265398585879147
17408880271
35915894379564667203
17687857644
36464632795258137079
17970992861
37021602287187009003
18258345105
37586926321494814005
18549974352
38160730216317236082
18845941381
38743141169561994490
19146307784
39334288287105424274
19451135974
39934302611412005504
19760489194
40543317150583185452
20074431529
41161466907841933099
20393027912
41788888911459561960
20716344137
42425722245131455253
21044446866
43072108078808426945
21377403840
43728189699990553212
21715283838
44394112545490411373
22058156216
45070024233672767406
22406091234
45756074597177858779
22759160071
46452415716135526522
23117434834
47159201951877559281
23480988569
47876589981155722531
23849895268
48604738830873058229
24224229884
49343809913336153962
24604068337
50093967062036196130
24989487526
50855376567966738930
25380565337
51628207216486239872
25777382114
52412630324733533328
26180042058
53208819779604536185
26588635893
54016952076298604084
27003247125
54837206357443083001
27423960350
55669764452804729101
27850861269
56514810919596799892
28284036696
57372533083390751744
28723574574
58243121079641612873
29169563984
59126767895836236918
29622095157
60023669414273780323
30081259488
60934024455487886879
30547149547
61858034822320205033
31019859089
62795905344655007959
31499482633
63747843924824832928
31986115547
64714061583697205271
32479855149
65694772507452663199
32980800008
66690194095064452995
33489049936
67700547006490419637
34004706004
68726055211587775778
34527870552
69766946039761592261
35058647201
70823450230358015991
35597140868
71895801983813386076
36143457773
72984239013570586712
36697706159
74089002598774145357
37260002109
75210337637755757381
37830458066
76348492702322093585
38409186035
77503720092856924832
38996299401
78676275894249778547
39591912941
79866420032663525067
40196142838
81074416333153477784
40809106692
82300532578150779791
41430923531
83545040566823041328
42061713816
84808216175325386788
42701597775
86090339417955267429
43350697432
87391694509224596279
44009137521
88712569926862965061
44677044259
90053258475765909374
45354545360
91414057352902397851
46041770046
92795268213195933655
46738849057
94197197236393872496
47445914665
95620155194939780419
48163102682
97064457522863876960
48890551129
98530424385706834949
49628397141
100018380751492437307
50376779426
101528656462764823700
51135838282
103061586309706295888
51905715610
104617510104351890158
52686554920
106196772755917168342
53478501605
107799724347255925698
54281703486
109426720212464764414
55096309132
111078121015651735710
55922468662
112754292830886511575
56760333856
114455607223349809077
57610058165
116182441331700056041
58471796719
117935177951675556709
59345707270
119714205620950689887
60231949411
121519918705264950062
61130683444
123352717485843924139
62042071385
125213008248131582827
62966276971
127101203371853556395
63903465668
129017721422431359566
64853804519
130962987243767829784
65817462238
132937432052424347055
66794609493
134941493533210712085
67785418707
136975615936208872590
68790064057
139040250175252005502
69808721531
141135853927880785407
70841569465
143262891736798997010
71888787552
145421835112850981787
72950557071
147613162639543746335
74027061077
149837360079136902351
75118483862
152094920480323955707
76224988985
154386344287528814863
77346751525
156712139451841746906
78483960126
159072821543619372929
79636805164
161468913866773663342
80805479859
163900947574775268111
81990185191
166369461788396896951
83191118316
168875003715222850223
84408476915
171418128770951192794
85642460394
173999400702515460503
86893269313
176619391713053192227
88161106051
179278682588748989926
89446175121
181977862827580224590
90748682734
184717530769993927773
92068836965
187498293731543836503
93406847645
190320768137516993863
94762926047
193185579659579748583
96137285102
196093363354473444623
97530165864
199044763804790546103
98941813217
202040435261862404105
100372447217
205081041790790339977
101822289573
208167257417652194887
103291563163
211299766278916977620
104780492722
214479262773100732093
106289304855
217706451714697242883
107818229037
220982048490417701334
109367500920
224306779217773966661
110937352855
227681380906040575967
112528017652
231106601619631184412
114139699367
234583200643925651983
115772613649
238111948653584536567
117426996176
241693627883388304419
119103083409
245329032301639128788
120801112843
249018967786163715522
122521324176
252764252302956171057
124263956677
256565716087500513425
126029248963
260424201828813020928
127817444218
264340564856245216043
129628787651
268315673329088894084
131463526235
272350408429025227295
133321906815
276445664555460605504
135204167711
280602349523792514386
137110547762
284821384766649401901
139041295789
289103705538149142728
140996655680
293450261121221379667
142976875786
297862015038039700160
144982189858
302339945263610295460
147012789086
306885044442564449689
149068916403
311498320109202916231
151150732629
316180794910840959771
153258436471
320933506834503573964
155392210151
325757509437021127369
157552176632
330653872078576444075
159738506509
335623680159755090531
161951190011
340668035362151416683
164190402932
345788055892583687727
166456253553
350984876730972442836
168748952929
356259649881937029271
171068730083
361613544630166084502
173415771498
367047747799618575561
175790223421
372563464016612853985
178192292417
378161915976862046585
180622180895
383844344716514977074
183079962989
389612009887262701520
185565681551
395466190035571641832
188078999785
401408182886105216248
190619981932
407439305629396794280
193188797663
413560895213837745982
195785807932
419774308642045311959
198411208164
426080923271675991425
201065146731
432482137120751131082
203747721465
438979369177562397833
206459066834
445574059715225833585
209199259195
452267670610954220873
211968245386
459061685670118533970
214766159578
465957610955170311763
217592929189
472956975119497866222
220448485962
480061329746290333997
223332908555
487272249692484688788
226246141297
494591333437871958900
229188009742
502020203439440038063
232158454228
509560506491031638413
235158678880
517213914088397112768
238189114094
524982122799723069238
241247524219
532866854641718915055
244332689672
540869857461344698559
247444208542
548992905323264868815
250581265371
557237798903113841624
253743586034
565606365886660549025
256930714536
574100461374960457037
260142258895
582721968295584863669
263377705794
591472797820018636400
266632261989
600354889787318915721
269896942328
609370213134128699231
273170555058
618520766331140629493
276452505163
627808577826107738708
279741487717
637235706493499354561
283034558641
646804242090901844651
286327522158
656516305722265372092
289618407817
666374050308099352444
292904296374
676379661062720842501
296183749734
686535355978661654908
299455966615
696843386318341579501
302719467295
707306037113116702962
305973429436
717925627669813453274
309217321022
728704512084860654840
312449945407
739645079766133564429
315670603804
750749755962625567661
318878513470
762021002302064950941
322072171181
773461317336595924970
325249635966
785073237096644863609
328409590653
796859335653094536327
331507273574
808822225687890954135
334514804151
820964559073209318210
337428965146
833289027459307457746
340222282630
845798362871197069375
342867003006
858495338314265025178
345334130126
871382768388979000318
347610358422
884463509914813685085
349708530749
897740462563535890123
351644125362
911216569501988928236
353274764921
924894818044518761920
354219970736
938778240315186543109
354480077116
952869913919914341015
354575828831
967172962628713055889
354616802689
981690557068143751486
354636292225
996425915424165907516
354647645615
1011382304155528395886
354654461526
1026563038717861321581
354658837886
1041971484298629241161
354661883952
1057611056563108679534
354664126024
1073485222411555309482
354665845138
1089597500747728638879
354667205016
1105951463258944568216
354668307498
1122550735207828736493
354669219252
1139398996235946167294
354669985753